526 484 603 444 477 558 416 574 457 436 517 453 465 459 440 502 422 423 439 512 489 427 509 499 501 489 497 513 471 513 453 518 420 438 482 566 505 425 512 490 522 429 436 424 499 583 509 517 460 485 583 428 466 526 535 510 446 480 515 498 472 529 499 506 522 507 465 534 428 469 461 482 543 529 580 456 451 445 455 580
453 479 522 424 479 523 439 566 418 440 460 497 420 440 468 467 399 462 431 490 482 446 448 483 461 509 537 434 451 484 429 466 424 423 497 543 490 391 529 443 460 465 377 454 495 477 465 502 459 456 521 414 490 465 442 447 442 484 537 529 423 454 522 434 441 490 459 536 420 493 483 434 556 528 497 410 420 457 492 555
444 458 519 471 459 529 405 482 416 423 466 461 424 426 493 470 451 453 459 500 463 432 488 452 469 452 514 474 454 530 436 467 416 418 492 541 443 394 454 446 480 405 377 433 464 539 470 459 467 454 535 358 482 468 531 481 425 489 462 509 427 512 463 492 445 402 476 551 454 464 467 398 479 499 507 410 416 447 493 523
476 450 536 446 418 522 372 487 425 417 432 484 396 379 430 459 394 363 450 471 474 444 476 491 416 447 487 487 416 489 448 473 413 436 472 456 451 400 492 420 470 415 403 407 424 507 438 497 404 424 516 412 426 464 446 416 403 509 477 431 442 482 445 426 491 484 465 456 403 468 490 454 469 465 500 366 422 440 443 499
411 457 496 433 407 521 345 460 391 410 384 477 386 402 455 393 414 431 402 473 468 430 438 461 408 452 470 452 403 471 365 454 404 411 405 492 414 386 421 442 403 419 428 423 496 507 419 487 444 422 515 426 451 434 469 470 414 458 451 478 441 464 401 432 408 410 441 469 410 461 475 439 425 450 526 398 401 408 439 458
498 515 576 491 474 611 430 602 482 536 469 510 447 446 513 529 414 503 504 591 586 479 518 522 513 547 572 491 458 559 437 536 482 468 538 592 515 442 544 543 492 524 471 514 574 567 471 540 505 513 554 400 569 541 571 462 464 565 554 577 460 546 558 476 493 496 537 577 449 524 536 463 502 576 606 492 391 519 548 559
484 467 547 444 508 552 461 573 483 492 433 515 451 450 472 483 471 483 482 519 543 489 542 476 489 520 517 509 483 578 473 579 462 464 516 605 535 400 540 475 525 471 466 507 523 570 482 580 469 518 578 487 533 570 477 441 489 517 506 528 430 495 456 446 515 548 512 520 420 513 496 475 577 500 584 477 420 499 442 569
531 550 595 560 573 668 460 641 546 503 504 559 530 481 578 551 473 520 519 573 548 521 580 559 504 582 596 556 497 609 489 586 461 513 574 656 555 409 559 578 571 511 484 566 611 620 552 633 546 542 603 492 556 546 585 508 537 578 575 582 506 544 541 496 556 544 565 599 493 536 532 521 557 578 608 517 477 484 551 641
513 474 515 470 486 604 410 534 440 466 495 440 480 463 486 463 445 439 499 557 497 449 521 481 496 536 542 517 462 504 461 469 436 398 524 564 431 354 514 454 501 458 399 487 525 544 428 491 442 479 526 435 482 472 492 467 424 537 438 537 416 494 515 455 512 430 462 526 444 488 450 473 467 543 530 402 457 457 503 571
485 512 533 475 493 596 453 531 490 454 526 502 448 427 474 528 457 441 523 558 552 491 525 489 527 544 512 499 471 501 453 472 448 374 504 597 451 408 516 493 493 459 440 450 514 590 479 549 481 492 524 440 508 528 517 474 483 530 526 503 438 537 545 478 493 481 510 533 482 482 527 518 490 509 554 447 427 497 527 536
450 415 509 434 452 534 369 518 410 460 420 474 417 405 484 448 412 416 440 494 485 444 483 471 433 498 513 455 438 477 433 499 398 412 471 493 412 424 492 461 449 462 395 473 506 518 466 473 430 443 485 372 476 484 474 465 453 461 488 478 450 441 448 405 454 477 473 520 430 422 454 467 483 478 529 421 414 433 440 512
469 456 528 444 456 534 371 560 429 426 468 468 383 378 457 466 394 449 499 500 482 486 475 464 452 475 476 457 440 489 440 469 396 413 456 487 489 371 497 478 439 469 425 432 516 506 406 537 386 463 519 393 475 505 442 443 452 455 496 510 400 461 460 438 460 425 390 517 424 449 461 471 479 533 587 391 398 442 488 510
483 443 569 508 552 571 434 599 433 472 504 456 476 445 476 525 459 484 449 564 520 473 493 492 488 518 564 538 485 562 463 523 446 422 492 593 493 424 529 496 514 440 436 479 547 587 472 523 462 491 564 423 507 531 501 482 489 509 488 542 457 490 468 513 498 453 491 550 424 518 440 458 550 558 565 457 442 450 518 575
448 420 520 442 405 573 385 478 420 431 413 482 396 398 441 425 448 364 422 493 490 431 446 405 441 502 484 474 383 494 387 476 400 377 431 527 425 353 469 435 410 439 451 440 495 543 415 455 445 444 491 386 469 482 441 360 377 480 473 480 411 399 451 398 457 474 470 484 383 452 447 430 417 445 507 401 379 475 410 472
458 421 474 412 431 506 341 481 394 415 414 423 377 408 392 422 383 403 409 468 446 397 457 440 381 468 450 436 386 451 397 426 384 372 421 520 412 389 481 406 414 389 408 398 481 526 398 478 368 375 468 332 414 382 428 392 385 450 417 410 405 454 405 418 391 401 441 445 406 392 421 426 420 443 472 433 380 445 425 439
430 455 511 438 446 538 393 507 440 428 392 439 402 400 429 478 389 388 411 513 494 461 487 461 390 469 427 451 357 522 395 500 381 382 427 540 474 345 466 452 405 409 386 424 466 551 460 504 456 447 498 380 458 478 444 449 404 481 451 517 428 458 465 402 402 424 459 454 426 470 490 447 476 507 513 403 399 470 459 504
565 524 589 484 507 658 445 580 502 480 526 517 449 523 523 529 459 451 547 597 571 533 584 520 489 576 541 538 459 563 488 616 435 493 498 606 529 436 534 524 561 524 486 508 571 625 513 601 455 513 604 449 564 518 530 489 454 542 538 581 490 575 562 491 505 539 529 585 474 579 553 513 565 548 632 467 508 510 522 609
492 425 482 426 419 520 381 515 433 426 409 421 421 445 462 459 411 410 445 510 462 422 441 438 440 494 470 419 383 441 378 423 392 372 490 471 416 324 485 478 392 411 369 425 484 524 420 452 440 461 520 336 444 408 468 438 390 474 464 563 394 436 508 426 399 441 396 461 409 422 451 415 438 487 491 378 381 406 451 512
429 400 486 366 415 480 367 430 363 389 416 371 393 360 355 416 365 373 431 487 458 446 419 406 460 439 441 391 393 480 426 435 359 377 458 489 404 338 474 402 426 374 370 427 417 488 410 495 379 417 460 360 393 476 488 403 398 471 441 442 413 454 398 390 479 427 410 493 419 449 393 405 427 454 478 377 343 374 431 504
461 427 532 501 484 585 379 566 474 449 497 474 422 439 479 501 409 471 493 544 515 459 482 481 484 495 502 488 473 505 422 570 430 453 510 581 502 443 495 505 526 481 450 485 545 541 430 516 465 452 532 386 507 499 490 484 522 492 536 475 467 533 523 529 485 439 505 547 439 475 505 502 518 517 578 476 435 480 525 495
505 539 550 530 540 629 377 568 452 485 472 521 458 427 457 479 461 483 498 529 528 506 537 462 500 550 572 565 504 600 494 511 493 462 464 646 489 450 543 504 506 506 481 482 515 551 462 552 493 452 520 498 489 549 524 456 513 560 517 549 517 522 466 470 520 535 551 611 436 545 481 479 543 532 574 485 445 515 491 580
412 476 485 490 449 566 345 461 447 406 421 440 346 409 448 435 386 385 390 465 502 469 418 441 458 454 452 471 375 480 376 488 395 390 422 522 463 360 453 479 442 433 444 423 436 481 409 473 433 400 528 378 463 440 423 386 441 487 467 474 429 406 422 416 427 441 462 468 421 448 455 440 448 454 519 384 386 484 471 510
462 526 571 495 533 569 431 592 476 511 546 576 499 432 490 534 507 505 519 530 577 529 516 493 499 550 553 527 497 537 470 574 474 454 522 623 525 465 550 514 585 478 484 514 545 587 516 495 483 517 596 410 538 528 529 514 545 554 525 550 451 569 496 461 540 478 487 595 466 508 542 504 525 543 575 494 453 516 502 601
480 446 579 463 511 573 370 552 426 487 459 535 500 411 466 505 459 435 474 495 529 426 449 485 444 547 562 526 463 515 442 524 493 406 510 566 440 431 547 452 480 445 443 440 488 554 514 488 477 455 550 435 447 517 520 502 461 508 455 496 441 516 469 425 451 518 486 519 400 503 461 501 511 532 513 460 426 456 407 518
429 461 507 468 468 509 361 494 443 412 431 474 393 404 451 489 408 390 450 471 487 434 447 471 418 468 457 444 430 458 415 480 412 402 436 495 438 364 448 462 461 393 388 395 489 503 426 464 422 413 505 363 478 499 443 448 452 472 433 465 363 490 431 414 460 397 434 470 417 477 465 417 408 486 533 385 431 413 440 483
408 411 556 438 476 538 402 479 381 404 398 405 435 395 425 414 363 404 417 511 448 415 436 427 420 487 492 490 438 509 383 401 401 347 415 546 429 361 506 449 430 401 377 430 469 503 424 481 456 422 489 387 441 466 480 420 376 468 426 455 383 443 433 387 399 463 460 478 400 476 406 402 488 481 444 416 385 423 420 514
457 432 538 486 472 531 406 507 471 447 439 414 414 458 486 475 440 432 466 534 510 462 497 448 442 517 508 489 397 541 420 506 420 441 431 551 448 357 507 519 449 470 451 485 513 555 431 514 439 491 530 392 470 453 487 434 464 496 477 530 461 532 443 476 439 463 444 520 420 465 458 447 495 471 552 430 443 423 454 465
529 542 604 516 523 614 483 634 504 523 481 504 494 478 520 567 458 509 520 593 630 574 573 539 507 548 588 511 495 636 442 597 512 452 515 638 593 417 573 549 586 531 507 535 580 635 460 566 508 557 587 414 566 502 528 462 572 542 566 617 492 546 561 511 502 505 574 553 468 539 533 540 584 571 628 535 438 512 536 588
491 474 499 446 494 537 415 501 437 400 487 466 447 418 448 492 440 426 463 495 483 467 438 441 454 471 479 486 445 515 425 559 396 411 471 574 474 399 468 445 506 448 410 435 494 580 457 505 444 439 560 403 441 444 472 474 458 467 470 488 437 498 439 472 483 457 481 531 436 487 470 461 481 472 504 442 429 433 440 505
445 473 533 448 474 536 383 506 427 445 428 455 417 390 429 487 368 397 424 481 506 452 476 475 463 500 509 465 438 512 386 479 459 402 496 489 477 415 437 505 444 466 425 463 450 542 473 444 436 464 489 411 481 480 481 394 419 507 467 476 428 473 457 439 452 467 473 483 377 493 497 472 446 528 465 370 377 385 469 490
500 453 500 430 458 550 349 499 444 473 450 426 392 447 467 449 445 420 431 488 523 458 436 430 519 492 444 421 392 466 388 470 410 396 509 520 475 345 451 475 442 433 417 472 452 513 409 441 445 464 509 345 524 443 484 417 436 504 475 532 396 414 504 448 469 396 430 539 406 467 485 426 441 534 530 413 395 419 485 547
455 447 473 385 382 541 395 477 421 440 389 474 345 371 432 422 384 401 392 456 499 452 419 447 460 440 492 412 360 472 412 452 369 390 461 475 466 365 444 425 413 432 380 418 434 464 428 449 402 436 467 368 480 415 483 383 387 474 490 477 402 447 474 405 476 383 469 509 373 455 488 414 428 455 515 409 328 450 472 478
540 501 560 446 501 633 423 589 483 516 475 491 458 489 493 500 481 479 482 576 507 491 526 489 519 540 523 559 456 593 496 555 441 423 522 633 511 369 547 443 520 470 449 498 540 618 490 523 480 534 563 477 454 537 519 472 482 539 522 547 446 536 528 497 477 552 525 591 467 530 472 505 546 528 526 498 411 510 505 579
514 473 557 506 490 531 405 525 474 513 458 445 460 436 471 504 449 498 490 565 531 467 461 491 497 497 487 455 462 447 443 443 434 383 568 528 465 371 505 519 450 476 394 484 520 548 452 507 452 499 564 399 461 499 493 471 494 526 506 550 410 500 500 505 466 455 452 538 449 498 476 502 505 568 562 425 412 447 510 531
546 508 573 519 560 602 420 574 481 523 412 524 424 427 532 484 455 531 489 528 498 510 532 488 506 551 550 515 469 570 473 526 474 477 541 554 550 468 535 561 536 486 438 459 560 563 473 573 431 441 543 422 576 497 510 501 510 536 514 555 427 531 476 466 516 473 519 526 503 558 508 492 562 532 616 435 441 481 560 620
377 428 483 453 444 567 363 512 409 429 462 426 404 441 408 457 369 419 444 518 503 461 473 443 462 520 445 478 446 504 354 512 447 383 461 526 433 371 455 469 520 459 422 419 447 531 381 451 471 410 477 378 459 499 485 427 450 489 481 490 452 460 489 440 478 492 466 487 371 501 465 466 497 496 489 411 412 447 466 522
491 472 541 456 483 609 438 579 485 510 494 520 456 452 515 483 439 514 436 553 503 484 474 443 497 534 544 489 442 502 445 541 456 421 509 592 462 428 529 498 480 502 468 468 552 566 455 527 467 442 543 416 573 460 522 459 457 522 540 571 428 508 543 464 471 526 518 564 426 501 535 453 529 535 551 478 431 523 494 580
539 452 556 452 442 599 366 549 478 455 442 477 457 425 487 489 438 447 452 476 470 448 524 540 443 517 517 511 462 544 462 571 382 456 464 509 503 400 545 472 514 440 437 450 501 514 402 546 425 484 500 350 473 461 461 409 397 480 501 500 486 500 486 450 434 508 505 559 422 508 473 484 496 546 537 453 409 464 497 510
505 468 568 481 499 595 429 521 484 492 500 535 390 377 502 514 456 425 482 509 508 468 506 482 507 516 473 514 417 528 487 544 424 433 503 568 559 379 520 497 478 501 479 442 536 576 467 556 474 468 539 401 525 505 507 442 467 491 542 501 430 470 487 401 508 456 451 531 481 504 507 458 483 493 572 436 449 487 515 521
492 441 503 434 457 585 403 514 412 436 445 459 384 403 418 497 416 404 472 493 474 436 509 434 488 467 430 480 451 510 426 502 428 391 456 562 439 367 500 467 494 419 419 412 501 569 448 482 430 461 525 400 461 474 479 460 405 476 460 447 435 496 490 419 519 500 446 498 456 462 461 461 494 474 495 391 440 419 455 530
481 492 517 467 501 526 370 527 429 470 404 454 444 454 409 456 397 431 487 536 532 417 553 487 455 508 490 458 490 541 425 450 450 393 483 529 445 407 550 500 491 462 476 417 470 588 424 511 469 459 528 385 441 536 485 430 452 503 470 451 459 484 460 427 499 521 500 497 382 454 451 491 491 523 555 442 390 434 437 568
428 418 415 392 399 492 329 431 403 371 429 421 316 347 435 461 359 354 411 441 446 415 405 444 473 466 381 413 369 393 322 445 352 318 435 457 433 280 394 453 386 386 396 365 434 502 363 380 438 410 478 278 434 412 445 385 380 453 430 460 364 368 471 397 407 357 391 455 394 361 443 417 343 436 475 399 336 378 452 457
521 504 588 522 563 640 477 627 470 511 542 540 483 521 499 551 470 497 539 601 563 510 550 523 550 540 576 520 473 598 469 552 466 466 574 667 525 470 590 540 525 495 465 544 567 616 563 571 490 543 605 458 535 555 551 520 507 526 572 528 516 567 596 500 530 520 555 572 482 523 575 549 596 599 592 473 472 519 546 596
486 497 605 454 498 591 436 565 490 478 489 524 451 435 482 493 418 460 470 531 564 509 531 524 472 536 505 526 462 573 416 586 468 422 453 583 542 436 557 506 501 439 481 445 496 563 451 570 508 497 547 407 503 539 481 462 462 527 549 567 474 486 517 429 506 521 535 522 427 545 537 489 551 516 579 477 418 502 529 578
517 468 574 464 497 551 455 566 470 490 453 491 448 470 479 491 431 454 476 559 526 477 477 505 519 572 545 494 453 539 442 496 476 452 495 562 515 395 583 485 477 468 456 460 483 563 424 499 447 479 531 372 482 498 497 435 463 513 509 513 437 468 500 447 499 515 479 580 448 528 530 450 564 590 579 486 449 436 501 534
477 499 522 501 458 614 408 496 470 435 513 496 416 404 459 455 437 423 431 517 462 458 493 408 469 507 466 527 422 522 465 502 435 390 409 624 484 422 482 483 466 485 434 402 488 576 472 535 443 423 517 422 488 479 484 434 435 474 491 488 442 487 480 494 475 448 462 528 445 483 468 433 517 465 559 428 430 518 495 536
507 529 572 474 498 575 438 566 460 476 544 506 445 478 507 490 468 483 478 583 536 495 527 483 501 551 553 527 444 524 450 514 435 416 487 604 498 447 525 510 508 481 451 474 558 594 500 505 484 482 577 422 546 531 524 488 472 550 516 570 451 547 535 520 503 489 511 574 448 478 507 505 544 530 582 472 451 530 523 611
545 476 581 458 541 557 426 535 488 493 497 523 463 489 477 517 434 441 513 558 563 474 484 532 510 597 538 489 448 519 462 533 488 428 512 593 522 423 567 502 472 469 476 485 552 600 518 529 486 523 559 418 503 572 492 474 449 569 490 489 478 547 501 481 502 480 507 580 471 534 520 498 497 537 576 497 429 471 501 537
514 508 537 463 461 611 442 539 446 462 507 501 439 444 475 498 460 413 470 513 518 477 505 480 476 473 549 497 450 524 478 501 424 432 509 547 494 426 529 471 494 477 404 483 513 599 490 502 457 426 571 419 491 465 475 500 465 494 537 540 472 505 521 468 489 456 458 524 449 457 495 487 481 533 578 422 486 477 473 592
489 502 555 480 543 568 426 609 490 461 532 516 440 400 490 540 472 478 505 499 540 473 528 483 494 548 547 538 485 526 450 540 480 415 485 587 524 417 539 504 532 473 520 473 538 554 445 583 453 480 563 466 540 497 502 472 515 525 504 510 423 525 452 482 511 528 505 529 461 494 503 501 485 563 581 462 425 502 511 539
446 469 470 477 435 576 367 483 435 403 439 446 381 407 436 474 423 403 419 526 417 459 496 479 446 516 409 477 452 506 399 526 364 409 406 533 487 346 437 458 438 439 475 456 493 569 404 533 445 437 507 404 487 509 477 450 442 498 473 496 453 470 438 487 427 430 439 499 446 447 494 478 487 516 545 395 430 423 481 493
384 376 460 357 400 466 357 466 363 402 347 418 374 335 429 378 378 374 384 419 413 410 414 401 400 477 482 393 367 421 391 423 354 379 460 454 419 340 448 401 412 385 343 412 425 443 396 422 349 409 437 300 441 410 439 362 416 400 386 405 330 373 362 340 384 389 397 447 403 404 392 363 409 433 474 379 349 366 415 462
430 452 535 497 451 540 419 486 393 395 431 452 464 439 465 505 409 387 495 533 509 453 449 450 508 492 509 418 469 473 342 420 410 379 499 548 404 392 477 468 471 416 425 466 445 570 418 481 450 460 548 361 464 462 501 403 445 515 477 480 442 437 488 453 505 433 474 501 414 455 462 455 466 500 544 400 395 386 471 512
521 476 561 489 464 588 427 537 458 486 435 516 410 379 471 542 481 458 447 542 515 497 486 469 540 515 532 498 445 519 472 496 440 436 491 573 503 423 514 516 454 501 436 451 559 606 490 493 437 466 564 395 524 460 542 475 483 504 471 530 438 518 507 486 500 433 449 547 486 465 508 497 520 562 565 459 463 467 478 517
489 474 502 386 449 517 385 529 417 446 459 480 433 425 459 440 426 452 434 505 443 419 462 471 447 504 475 458 419 479 415 512 383 391 516 527 465 406 513 444 484 412 382 424 458 551 424 504 447 407 467 369 457 475 489 409 405 466 512 490 410 494 491 427 431 519 452 487 424 496 460 421 508 505 506 424 370 412 473 527
477 454 578 480 497 631 448 558 477 459 488 477 474 469 500 479 442 444 489 528 502 478 528 468 469 544 529 492 462 543 444 542 472 439 483 589 524 390 551 467 532 450 481 475 529 534 440 554 439 506 518 383 520 481 550 472 475 460 517 508 431 517 484 448 480 502 503 527 472 529 502 440 545 528 585 448 441 441 503 520
448 437 513 418 423 591 416 491 395 394 433 476 438 435 466 482 434 365 408 481 459 384 451 462 459 504 502 454 448 476 411 480 423 372 471 546 453 355 463 412 430 410 393 434 471 520 430 484 466 446 533 398 512 503 468 446 388 500 409 526 464 469 486 468 435 473 446 503 415 478 464 410 464 495 495 418 416 439 479 502
520 452 569 525 476 624 363 530 455 495 447 489 429 426 471 482 413 437 505 495 523 493 489 507 446 532 518 485 438 576 438 522 446 483 498 544 537 353 520 480 473 493 456 498 511 554 442 544 405 483 575 393 439 493 471 410 464 538 503 529 409 481 466 466 490 488 483 537 399 510 479 493 501 536 555 458 451 454 460 515
450 387 494 382 414 495 356 470 414 381 368 453 373 406 404 373 389 367 436 459 456 377 480 426 390 432 488 488 394 467 398 424 432 373 447 456 407 332 470 387 432 383 371 350 410 455 441 425 393 423 462 406 382 445 434 381 392 437 385 385 390 442 446 395 453 422 473 414 350 389 432 445 481 441 473 367 377 432 391 442
404 372 473 390 372 418 338 439 375 393 371 373 392 367 414 443 397 349 424 424 468 382 460 444 419 450 448 420 383 436 343 415 344 361 407 435 362 335 456 411 428 329 352 421 406 458 360 418 340 448 485 331 395 435 354 348 348 439 346 412 346 414 401 372 391 384 395 409 352 375 392 411 400 443 459 363 380 359 401 440
413 459 493 442 414 533 419 518 439 428 398 400 395 432 456 479 409 419 432 504 484 451 479 469 475 489 469 426 427 467 392 431 393 385 464 491 406 338 498 472 440 422 350 446 524 494 399 449 450 474 523 369 495 474 449 430 384 467 478 517 408 449 508 422 446 460 417 508 432 474 438 392 434 492 469 403 375 442 496 473
402 388 477 398 445 450 341 428 370 404 418 382 331 361 463 392 377 393 362 438 431 438 404 409 383 441 444 410 327 474 377 463 398 354 408 467 432 303 372 402 411 410 377 373 455 483 366 430 401 432 474 302 452 404 421 387 389 432 427 471 324 373 401 379 414 399 395 478 363 440 399 369 402 434 440 373 381 413 439 458
480 464 441 402 447 520 326 488 421 462 422 514 389 353 425 471 424 440 447 438 434 404 489 454 420 446 468 473 424 448 462 548 400 388 463 510 486 364 458 423 465 420 445 425 505 488 426 491 412 450 454 409 420 483 466 419 442 479 442 441 420 505 382 407 473 421 454 511 435 454 401 447 401 461 518 418 357 399 439 491
484 477 575 451 496 559 421 535 479 496 506 468 457 453 462 522 464 430 498 528 567 461 535 489 508 507 557 499 432 523 494 513 466 395 510 583 449 419 548 477 484 495 455 465 497 541 493 520 463 506 539 419 485 516 530 459 455 513 500 500 469 511 502 434 535 477 499 582 417 476 458 488 488 546 569 466 420 507 458 530
476 446 557 503 444 529 372 507 426 431 454 433 426 394 451 486 406 397 442 483 496 428 505 463 437 431 476 470 457 453 418 440 436 397 466 507 420 399 460 469 443 426 391 394 512 520 424 481 468 485 543 377 470 482 452 488 401 473 485 459 410 449 484 465 467 449 455 450 435 466 462 455 455 505 545 360 453 460 430 511
437 484 430 413 403 468 328 468 397 407 366 430 396 395 379 407 388 402 389 443 471 364 391 473 415 439 437 413 432 423 333 410 391 412 439 519 414 355 443 394 438 393 376 418 399 468 390 439 474 400 478 383 403 401 442 397 403 512 455 456 400 443 412 440 423 441 434 474 372 441 440 390 461 444 487 408 340 388 372 482
480 464 535 410 447 539 383 474 446 442 425 444 408 439 407 467 430 431 469 506 487 416 500 488 469 493 502 453 429 525 428 470 448 381 478 519 496 357 519 428 450 459 449 425 481 545 433 524 440 458 538 413 448 508 499 426 411 536 462 500 427 535 470 443 451 511 475 513 428 460 478 445 500 534 503 448 377 463 438 504
470 472 508 397 454 504 344 456 397 411 397 459 393 385 435 431 409 427 494 491 484 456 405 461 446 405 480 445 432 471 419 445 427 418 477 469 441 336 468 384 495 375 377 394 428 477 435 466 426 449 530 395 406 430 519 464 437 498 480 485 344 486 452 408 496 420 410 523 408 496 424 423 465 447 479 377 335 392 410 515
460 476 554 457 438 531 404 499 433 418 413 470 471 424 461 479 416 385 414 469 501 419 478 511 451 483 506 504 473 530 365 511 423 410 455 520 447 381 469 468 470 439 409 442 447 541 451 500 510 460 554 407 447 495 474 415 412 514 446 516 457 461 448 415 460 524 488 480 399 464 477 459 497 506 493 409 421 428 415 510
496 504 549 437 491 577 417 511 489 495 479 480 474 451 491 463 442 473 527 572 530 454 535 497 497 503 543 500 467 515 458 511 458 370 534 543 439 407 546 477 521 494 440 471 536 562 481 545 463 473 513 446 459 516 538 466 447 518 517 524 490 558 515 424 484 494 504 552 470 497 470 492 506 508 566 445 373 465 518 533
471 524 546 457 502 592 444 536 466 473 452 492 490 444 441 491 439 419 497 524 548 505 528 460 506 542 525 461 463 505 420 463 468 400 498 595 491 405 535 458 489 426 467 458 496 607 482 505 481 473 532 424 494 512 505 461 480 534 506 513 438 490 502 441 501 440 520 531 461 502 496 478 469 480 546 473 402 472 491 577
471 448 566 456 454 562 441 543 453 465 459 477 467 404 481 495 425 430 434 516 502 467 433 475 500 497 487 471 485 494 441 477 380 438 475 574 506 396 514 423 487 420 368 498 508 512 475 513 447 426 502 450 492 517 519 507 445 505 505 542 442 509 488 477 477 418 487 536 459 514 504 417 507 522 557 475 451 472 509 545
497 446 553 474 459 550 413 513 405 440 453 478 441 410 431 460 423 438 498 568 527 467 452 448 474 517 530 475 460 540 415 479 413 424 449 563 455 450 538 477 516 414 421 445 517 569 440 479 428 428 523 346 480 519 459 441 427 528 472 519 431 528 477 446 486 425 463 552 467 467 471 436 523 494 587 428 409 478 504 553
453 438 519 480 478 567 393 477 443 427 434 430 413 423 435 486 405 420 447 536 496 504 464 508 465 530 464 480 407 489 433 499 387 441 494 563 462 378 487 494 418 456 435 465 487 557 423 479 507 448 546 362 468 506 506 457 441 481 483 506 440 434 459 427 471 494 458 511 412 465 464 460 440 480 537 465 396 446 417 538
523 496 610 482 515 634 475 592 508 488 513 526 476 460 578 532 485 500 565 592 556 520 525 522 518 533 568 543 487 565 516 574 460 474 566 592 516 429 585 542 529 541 427 511 570 604 503 644 510 525 629 462 557 532 588 566 473 526 565 568 453 604 558 535 519 542 493 614 473 584 547 478 546 595 611 474 471 499 535 577
407 440 539 453 465 541 342 540 420 388 420 489 431 377 434 450 373 430 437 481 488 444 445 449 388 442 530 445 444 515 445 484 398 459 434 529 429 428 463 396 499 446 418 411 473 500 443 538 394 432 507 393 464 450 505 425 423 475 474 432 455 482 438 436 497 439 494 564 380 473 444 408 464 514 538 470 380 469 419 482
481 492 525 459 476 545 454 536 468 399 467 422 435 453 517 521 435 451 424 559 460 483 503 474 457 523 512 480 421 547 413 552 375 406 458 588 475 356 491 484 460 433 446 513 579 585 422 543 510 483 554 419 543 471 474 461 438 526 515 565 473 502 482 495 399 501 537 529 480 489 495 447 483 520 535 445 423 452 503 531
463 444 478 460 419 544 382 513 437 439 433 443 374 446 441 438 449 389 462 515 467 397 437 418 516 445 495 483 431 473 433 452 412 430 495 521 443 403 494 451 462 432 389 472 446 510 439 480 420 429 569 390 442 458 489 442 429 513 504 436 421 438 455 471 486 444 410 519 440 475 444 407 496 495 567 383 392 436 475 520
461 444 485 485 493 575 417 523 423 416 438 478 439 403 429 494 409 438 516 499 504 479 439 467 493 477 468 444 493 515 426 494 405 451 490 548 459 367 477 445 500 410 390 477 444 488 447 506 420 454 542 418 480 513 491 481 470 490 443 485 453 474 462 457 525 462 476 562 455 501 511 454 517 549 535 426 433 437 487 521
493 459 542 496 480 645 413 534 437 494 449 491 454 428 497 519 433 449 476 518 536 462 523 502 485 515 555 485 479 593 474 556 457 455 515 581 491 417 489 484 513 510 413 517 512 556 483 531 428 510 526 421 489 502 526 452 451 499 516 532 476 495 518 470 520 509 549 542 399 524 477 515 508 526 537 432 419 468 496 541
481 432 465 401 430 528 362 500 423 427 438 480 368 351 448 445 390 413 412 451 483 439 445 457 407 453 459 444 399 498 419 508 384 394 444 459 447 379 435 414 461 434 368 394 439 537 419 520 378 401 474 365 437 409 425 401 390 454 466 500 406 436 464 437 448 435 445 446 364 437 462 432 452 466 492 374 385 440 455 522
475 529 547 478 501 594 406 499 449 426 506 454 405 420 474 473 392 424 447 525 495 462 499 452 457 510 520 527 436 554 446 477 464 392 465 605 475 436 443 498 456 497 434 394 487 598 469 566 453 434 534 390 478 499 515 452 448 516 480 500 428 493 455 504 447 456 486 517 440 463 457 468 482 494 585 436 419 499 498 556
425 412 490 405 436 506 356 473 382 414 378 441 425 423 413 483 400 343 433 471 487 406 420 406 412 451 441 428 385 439 359 529 404 369 426 547 393 385 497 442 432 376 407 451 431 480 456 455 441 467 524 380 406 420 422 456 415 442 418 469 417 438 421 363 424 439 414 437 400 472 403 398 447 441 475 340 369 353 388 515
438 460 568 452 481 547 440 511 484 457 481 447 446 446 487 458 443 452 484 506 523 487 515 445 447 489 540 505 434 533 428 549 427 443 472 529 441 369 477 490 527 474 466 464 528 529 438 480 446 517 557 435 516 481 470 442 444 466 476 503 416 521 446 444 507 492 475 553 420 524 457 455 435 479 510 431 429 465 445 493
516 440 509 403 400 550 376 509 386 450 410 484 430 386 424 449 401 386 474 509 491 450 414 458 462 480 493 446 410 477 413 483 404 407 465 500 470 419 493 426 440 423 383 467 473 563 457 469 401 415 500 399 423 456 471 472 413 464 470 470 437 486 470 395 430 406 428 500 438 483 479 466 451 492 494 420 396 394 468 494
499 470 537 507 526 556 445 549 447 472 500 467 466 459 447 532 434 446 441 515 543 482 495 510 467 521 515 491 455 562 481 564 478 420 497 600 531 380 539 505 473 509 416 452 492 582 495 540 480 496 533 420 472 534 472 454 466 527 518 542 468 504 498 456 508 506 521 504 430 527 482 488 573 532 520 429 491 468 463 564
432 421 557 492 504 582 410 565 454 434 500 470 463 499 481 515 425 403 496 507 493 391 499 409 476 512 504 472 449 521 394 512 451 396 466 618 479 384 515 501 484 474 466 480 495 551 458 496 479 501 592 434 516 502 442 503 471 505 492 520 457 521 533 511 487 470 450 531 399 480 460 448 491 522 546 451 437 475 459 541
410 431 476 439 437 482 392 449 394 407 412 404 343 354 448 461 357 413 437 479 460 445 427 447 457 444 476 424 376 523 411 418 399 363 406 487 419 347 431 464 455 459 333 408 460 522 390 465 352 424 451 362 404 417 413 396 458 441 473 475 388 493 443 407 433 423 408 497 394 445 433 434 496 432 467 389 397 369 467 436
440 428 543 494 510 568 389 495 431 429 457 457 468 403 471 461 409 429 510 522 497 461 434 443 474 527 475 431 469 455 405 481 379 416 521 559 455 395 472 479 455 456 402 456 507 534 446 482 447 433 525 331 495 526 507 434 424 475 448 494 388 461 477 411 448 428 470 545 452 482 486 428 449 499 540 419 429 461 483 503
489 502 538 476 502 637 415 575 508 450 502 531 491 461 484 529 440 473 479 513 516 495 511 454 462 533 549 550 469 532 471 597 479 454 467 603 545 369 553 497 526 454 490 498 548 533 488 559 488 475 581 462 515 476 516 466 504 515 480 543 453 527 491 506 473 473 554 558 456 528 460 470 501 544 543 513 442 479 461 575
502 457 568 436 469 565 386 524 456 495 450 513 462 449 508 437 454 459 464 507 504 457 466 494 470 505 513 490 455 487 413 521 427 397 483 488 489 390 529 474 468 475 453 432 503 557 438 533 471 476 565 396 466 505 515 458 422 494 495 520 445 491 498 444 515 488 448 554 388 510 463 472 463 525 519 465 407 455 497 533
506 425 557 495 483 555 368 524 466 446 435 470 433 377 460 439 388 434 457 496 492 453 415 473 420 480 529 522 434 516 446 461 437 473 480 515 469 398 477 457 470 443 391 405 440 530 452 494 408 417 528 388 431 438 462 498 462 518 451 482 401 492 442 457 459 395 415 543 435 459 511 473 522 530 579 442 477 459 440 520
409 444 461 399 391 462 309 461 370 363 404 397 367 314 399 387 334 342 374 407 427 414 420 449 404 420 426 423 382 442 356 408 341 332 386 470 394 360 465 419 424 386 344 364 429 448 354 419 435 360 404 323 389 407 376 361 381 427 480 401 405 374 404 334 406 382 387 453 398 404 393 380 439 405 489 360 326 369 429 437
427 398 423 368 361 491 357 499 329 345 391 359 385 355 374 410 321 334 394 453 394 346 387 378 404 406 451 397 380 387 351 428 309 369 428 448 401 368 427 414 422 373 316 394 413 455 390 428 345 376 445 310 411 375 448 416 347 380 416 428 408 439 434 411 373 350 379 436 383 406 371 360 425 433 464 348 339 336 433 459
601 527 633 530 575 663 470 622 548 536 512 522 515 525 556 577 525 453 559 641 588 527 571 561 576 629 599 597 534 552 507 549 465 472 581 618 572 431 603 555 515 548 541 590 602 661 511 567 563 563 637 487 565 534 585 560 496 657 563 600 593 561 579 595 529 512 553 655 527 573 570 587 533 609 629 549 499 538 576 586
587 527 638 541 568 666 491 629 539 529 567 507 501 566 565 574 531 550 547 609 574 527 547 543 586 623 528 555 528 589 502 605 470 486 595 716 541 442 625 583 559 529 488 551 578 669 533 602 514 531 650 481 576 556 577 572 512 574 550 627 536 619 555 570 535 584 508 629 553 577 564 526 594 614 670 523 535 533 571 645
410 399 515 443 414 509 353 470 405 413 382 498 344 324 414 445 374 362 387 411 469 414 441 430 414 448 438 406 380 427 387 410 388 363 382 459 435 392 489 458 361 402 423 352 437 422 426 434 398 382 450 327 479 431 418 392 405 403 439 415 391 378 429 364 449 395 437 410 375 401 446 425 420 455 517 361 358 442 427 474
524 493 572 450 507 602 403 543 445 503 488 509 450 425 466 477 455 516 509 564 559 542 512 482 534 583 546 493 482 534 460 535 448 455 532 578 505 457 550 500 532 448 484 497 551 578 479 520 475 520 548 414 523 529 572 498 453 540 519 545 460 545 501 493 510 490 509 600 455 547 510 496 509 548 547 452 403 472 537 617
517 499 570 443 489 584 428 523 473 474 524 507 410 401 448 455 420 495 475 549 529 534 498 508 499 563 509 523 424 545 492 543 454 430 505 549 509 418 531 492 508 480 427 418 531 568 465 520 443 429 503 428 489 534 507 464 449 505 529 491 467 510 505 423 511 505 477 547 502 524 516 517 548 553 547 454 455 496 546 533
481 456 529 505 489 571 419 522 460 513 429 508 463 419 503 492 512 486 448 540 505 485 479 441 533 488 553 525 493 532 464 516 444 450 515 569 475 398 514 505 511 489 408 485 550 556 438 482 489 479 569 387 474 503 521 468 502 498 541 548 412 477 468 499 490 530 487 586 426 564 459 444 545 543 545 468 409 438 464 544
